tg4510_tp3_10_20130523_UT,12.0015,9.99675,10.1182,0.523125,1.24875,0.8775,15.1335,47.9317,4.97812,6.72637,7.41487,3.75637,2.38275,58.9241,5.8995,16.7569,71.1112,6.89175,9.44325,0.880875,13.0039,0,10.0507,0.72225,1.3635,1.11375,16.1021,49.491,4.25925,0,7.88062,3.23325,2.23087,61.4014,6.32137,16.47,0,7.86375,9.48375,0.9045
tg4510_tp3_11_20130523_UT,12.987,10.8911,10.8776,0.563625,1.29937,0.948375,14.9614,45.7312,5.02875,7.34062,7.2765,3.20287,2.484,64.3714,6.36187,17.928,84.105,6.46312,8.289,0.8505,12.0757,0,9.477,0.6075,1.51537,1.38712,15.3157,48.0364,4.38075,0,7.94812,2.53125,2.68987,62.4881,5.80837,18.0022,0,6.21675,8.91675,0.968625
tg4510_tp3_1_20130520_WT,18.846,17.2462,17.9449,0.658125,1.78875,0.948375,17.8537,49.4235,5.69362,5.7375,8.41387,4.3605,2.00137,91.233,7.66462,20.2466,86.4202,8.12025,10.0575,0.999,20.3749,0,17.415,0.732375,1.863,1.47487,18.8055,49.4336,6.01087,0,8.26537,4.10062,2.25112,92.4345,7.30012,21.1646,0,9.13612,9.57487,1.1475
tg4510_tp3_12_20130524_UT,12.7204,10.8877,10.1149,0.529875,1.30275,1.04962,14.904,52.2619,4.293,11.6167,7.128,3.86775,2.26125,60.9424,6.3585,16.2101,98.2665,6.83775,8.31262,1.71112,13.1625,0,10.0507,0.60075,1.3905,1.32637,16.0954,57.159,4.61025,0,8.3295,3.90825,2.214,64.6279,5.1435,16.7467,0,6.40575,8.93025,1.728
tg4510_tp3_13_20130524_UT,12.0521,10.7966,9.94275,0.459,1.21162,0.891,15.7646,49.2311,5.1435,9.12937,8.0865,3.537,2.17012,59.0051,5.76787,16.956,97.1764,6.36862,8.75475,1.323,14.5564,0,9.68287,0.56025,1.21837,1.0665,16.308,51.9649,4.6845,0,8.09325,3.47625,2.03175,63.4061,5.57212,15.5959,0,8.0595,8.93362,1.25212
tg4510_tp3_14_20130524_UT,14.31,11.5931,9.57487,0.469125,1.2285,0.91125,13.635,44.3239,4.66087,10.6042,7.47562,3.54037,1.90012,58.4854,5.67,17.3374,94.77,5.90287,8.073,1.26562,13.6991,0,9.29137,0.563625,1.31287,1.10025,15.3124,46.2814,4.65075,0,8.40037,3.76987,2.09925,59.7307,5.73075,15.4136,0,7.155,8.64,1.404
tg4510_tp3_15_20130525_WT,16.1595,16.1561,14.0704,0.50625,1.458,0.918,17.1956,50.3246,5.93325,5.8725,8.00212,4.13775,2.36925,83.8957,6.78037,18.3026,100.568,7.93125,9.10912,0.85725,17.5601,0,12.5381,0.631125,1.5255,1.15762,17.2395,49.8386,5.63962,0,8.73787,4.04662,2.4435,84.6889,6.49012,19.1295,0,8.82562,8.70075,0.955125
tg4510_tp3_16_20130525_UT,13.3852,11.4007,9.35887,0.51975,1.21837,1.08675,14.5496,47.952,5.5755,13.635,7.61737,3.3885,2.60887,59.3629,5.92987,14.9344,96.2752,6.777,8.559,1.269,15.4609,0,10.1452,0.570375,1.42425,1.42087,16.8244,49.6429,4.995,0,8.21812,3.26025,2.75062,60.4766,6.67912,16.2742,0,7.03687,9.504,1.34325
tg4510_tp3_17_20130525_UT,12.7642,11.1341,9.53775,0.43875,1.2285,1.06312,14.6644,46.5716,4.779,8.5455,7.6005,3.23662,1.7145,59.3291,5.697,14.661,96.1267,6.34837,8.5455,1.03612,13.5709,0,8.36662,0.516375,1.1475,0.934875,15.8591,47.9014,4.04662,0,8.5725,3.6585,1.6605,63.7807,5.751,14.1851,0,6.86137,8.29912,1.053
tg4510_tp3_18_20130526_TT,15.6465,12.5111,11.5222,0.543375,1.27575,0.941625,15.0626,50.0546,5.01187,7.452,8.04937,4.06012,2.20387,71.1889,6.53062,19.8821,95.0535,6.46312,8.43412,0.948375,15.5317,0,10.665,0.631125,1.3095,1.17787,16.7569,52.0425,4.74187,0,8.60962,4.3065,2.133,71.2462,5.68687,19.4839,0,7.43175,8.96737,0.995625
tg4510_tp3_20_20130529_TT,16.6387,13.8544,12.3289,0.523125,1.46812,1.07325,16.6016,43.551,5.56537,5.16037,7.13812,3.62475,1.863,75.4211,7.48237,16.686,89.6974,7.22925,8.6805,0.813375,18.4781,0,11.2624,0.61425,1.64362,1.34662,17.1281,47.9351,4.79587,0,8.06625,3.78337,1.69425,73.0384,7.92112,17.2631,0,7.81312,8.65012,0.921375
tg4510_tp3_21_20130611_TT,14.4551,13.3616,11.0632,0.4995,1.23187,0.8775,15.6026,48.3705,5.06925,9.234,7.6545,3.23662,2.12287,68.0164,6.09187,18.2486,91.1081,6.26062,8.93025,1.18462,16.7501,0,10.4659,0.56025,1.31962,1.09687,17.0809,49.5922,5.05912,0,7.86037,3.35137,2.07225,68.0569,6.23362,17.334,0,7.69837,8.58262,1.17112
tg4510_tp3_22_20130611_TT,16.1325,13.311,10.9552,0.563625,1.27237,0.961875,16.3417,43.1291,5.85225,8.93362,7.73887,3.20625,2.0925,70.7062,6.57112,17.2226,94.338,6.63862,8.559,1.0935,15.8119,0,9.71325,0.590625,1.21837,1.25212,16.0886,46.0957,4.887,0,8.23837,3.402,2.03175,68.0366,6.01762,17.0134,0,7.06387,8.72775,1.11037
tg4510_tp3_23_20130611_WT,17.0302,15.8692,16.6117,0.664875,1.71112,0.8505,16.3012,46.8517,5.55525,5.31562,8.22825,3.78675,2.53125,85.7857,7.28662,17.5061,97.8075,7.30687,9.24075,0.891,18.8932,0,15.4406,0.685125,1.79212,1.20825,17.2665,47.1015,5.32912,0,8.56237,3.74287,2.49412,86.724,7.36425,19.0519,0,8.21812,9.30825,1.053
tg4510_tp3_24_20130612_TT,14.1851,11.7484,10.422,0.54,1.16775,1.20487,14.8635,44.2057,5.17387,10.3714,7.506,3.02062,2.24775,65.4446,6.32475,15.1976,85.1782,6.57112,8.21137,1.23862,13.851,0,9.86512,0.563625,1.29937,1.04625,16.0009,45.306,4.93425,0,8.37337,3.45937,2.2815,63.2947,5.57887,17.5399,0,6.72975,8.51175,1.20487
tg4510_tp3_25_20130613_TT,15.8456,12.987,10.6751,0.529875,1.44112,1.053,15.9806,48.789,5.29875,5.91975,7.66125,4.2795,2.39287,68.2897,5.72062,16.9121,92.1746,6.77025,8.57925,0.864,16.9965,0,9.80437,0.6075,1.45462,1.13062,16.3282,50.814,5.265,0,8.32275,3.942,2.21737,68.4956,6.89175,16.9526,0,7.53975,9.51412,0.921375
tg4510_tp3_26_20130616_TT,15.9469,12.3052,11.529,0.448875,1.22175,1.04962,15.3056,48.8734,4.73175,11.6876,7.76925,3.99937,2.30175,66.4571,5.967,17.7761,95.1682,6.642,8.91675,1.377,16.3384,0,11.4142,0.62775,1.3095,1.21837,17.0944,53.8616,4.92075,0,8.127,3.68212,2.106,64.1959,6.291,15.9739,0,7.101,9.67612,1.35337
tg4510_tp3_27_20130616_WT,18.0191,16.8784,17.5702,0.732375,1.66387,0.934875,17.7592,51.8535,6.2505,5.99737,8.67037,4.24912,2.08912,92.2286,7.52625,20.7664,104.082,8.31262,9.73687,0.928125,19.4332,0,16.1392,0.766125,1.96425,1.34325,18.4714,53.1292,6.0345,0,8.69062,4.59675,2.43337,91.935,7.89412,21.7114,0,9.477,10.0777,0.995625
tg4510_tp3_3_20130521_UT,12.0724,10.8067,9.64912,0.45225,1.27237,0.89775,15.0525,48.2422,4.536,12.0015,7.614,3.79012,2.43,56.8282,4.98825,16.3789,92.4514,6.37537,8.2755,1.64362,12.1027,0,9.504,0.516375,1.269,1.63012,15.1605,48.465,4.293,0,9.13612,3.20287,2.49412,56.8046,5.778,15.9232,0,6.59475,8.08312,1.71112
tg4510_tp3_4_20130521_WT,17.442,15.9165,16.9155,0.57375,1.47487,0.91125,15.714,46.1936,5.63625,5.47762,8.02237,3.93187,2.592,83.538,7.13137,18.495,88.6849,7.25962,9.58837,0.914625,17.8639,0,15.471,0.6615,1.60987,1.11375,16.1291,46.7775,5.1975,0,8.5725,4.07362,2.8215,84.5201,6.74325,19.8889,0,7.98187,9.32512,0.9045
tg4510_tp3_5_20130521_UT,13.5506,12.2512,10.1081,0.556875,1.3365,1.06312,15.3664,46.0046,4.374,12.6562,7.29337,3.13537,1.77525,60.75,5.60587,17.5905,90.774,6.20662,8.87625,1.4445,13.4392,0,9.78412,0.536625,1.296,1.36687,16.0954,48.5122,4.212,0,7.93125,3.59775,1.73812,61.2191,6.237,16.1764,0,7.02,8.99775,1.40737
tg4510_tp3_6_20130522_WT,18.3667,16.7467,16.902,0.6075,1.7145,0.96525,16.6387,47.8744,6.01087,5.8185,8.37,4.02637,2.34562,89.1709,7.317,20.6854,94.7936,7.57012,9.693,0.945,19.44,0,16.2439,0.7425,1.81237,1.29262,17.7727,50.6857,5.42362,0,9.11925,3.93187,2.45025,89.5185,7.25287,21.654,0,8.47462,9.61875,1.06987
tg4510_tp3_7_20130522_WT,17.6175,16.119,16.4801,0.567,1.69425,1.12387,16.9357,46.8484,5.97712,5.58562,8.21475,4.11075,1.98787,87.2235,8.06625,20.3175,98.6242,7.52962,9.12937,0.891,18.333,0,15.2179,0.631125,1.77525,1.19137,16.9931,47.3614,6.01762,0,9.14287,3.9555,2.1195,87.8445,8.181,21.087,0,8.53537,9.24075,1.04625
tg4510_tp3_8_20130522_WT,18.0967,17.1754,18.603,0.725625,1.66725,0.972,17.2867,52.9909,6.00412,5.92312,8.67375,4.32337,2.81137,93.6124,7.79287,22.0489,88.7996,8.27887,10.2431,0.9855,19.4096,0,17.0404,0.752625,1.99462,1.14075,18.6637,54.4354,5.53162,0,9.51075,4.55287,2.46712,95.8027,8.61637,23.49,0,8.7345,10.1115,0.97875
tg4510_tp3_9_20130523_UT,11.8125,10.8371,9.32512,0.469125,1.17112,0.93825,14.0332,47.2972,4.78575,14.337,7.614,3.4965,2.45025,57.105,5.93325,15.0255,92.1577,5.7375,8.43075,1.3905,13.77,0,9.57487,0.448875,1.2555,1.20487,16.119,50.355,4.11075,0,7.78612,3.65512,2.51775,57.8374,5.84212,15.4609,0,6.9795,8.559,1.52887
